

----------------------------------------------------
STRUCTURE by Pritchard, Stephens and Donnelly (2000)
     and Falush, Stephens and Pritchard (2003)
       Code by Pritchard, Falush and Hubisz
             Version 2.3.4 (Jul 2012)
----------------------------------------------------



Command line arguments:   ../bin/structure -K 5 -i ../data/genos_slg_pipe.txt_dat001 -N 410 -L 179 -D 75506 -o StructOuput_genos_slg_pipe.txt_dat001_k005_Rep001.txt 
Input File:    ../data/genos_slg_pipe.txt_dat001

Run parameters:
   410 individuals
   179 loci
   5 populations assumed
   20000 Burn-in period
   50000 Reps
RANDOMIZE turned off


--------------------------------------------
Proportion of membership of each pre-defined
 population in each of the 5 clusters

Given    Inferred Clusters                     Number of
 Pop       1      2      3      4      5      Individuals

  1:     0.110  0.029  0.796  0.048  0.017      114
  2:     0.016  0.027  0.449  0.443  0.065       27
  3:     0.006  0.050  0.039  0.895  0.010        6
  4:     0.044  0.039  0.849  0.048  0.020        6
  5:     0.022  0.056  0.826  0.087  0.009        4
  6:     0.008  0.598  0.238  0.148  0.009       47
  7:     0.038  0.839  0.021  0.092  0.011        6
  8:     0.007  0.906  0.009  0.044  0.034       33
  9:     0.005  0.976  0.004  0.012  0.002        8
 10:     0.008  0.400  0.004  0.359  0.229        5
 11:     0.014  0.079  0.051  0.819  0.037       72
 12:     0.003  0.395  0.004  0.565  0.032        1
 13:     0.025  0.111  0.009  0.814  0.040       37
 14:     0.002  0.973  0.007  0.015  0.002        3
 15:     0.014  0.369  0.005  0.598  0.014        3
 16:     0.002  0.003  0.005  0.004  0.986        3
 17:     0.005  0.007  0.004  0.009  0.975        8
 18:     0.008  0.005  0.004  0.008  0.976        7
 19:     0.004  0.004  0.004  0.004  0.984       11
 20:     0.004  0.009  0.004  0.012  0.971        4
 21:     0.055  0.020  0.024  0.281  0.620        3
 22:     0.007  0.033  0.050  0.245  0.664        2
--------------------------------------------

Allele-freq. divergence among pops (Net nucleotide distance),
computed using point estimates of P.

      1       2       3       4       5      
 1      -    0.0856  0.1067  0.0644  0.1128  
 2   0.0856     -    0.0533  0.0107  0.0982  
 3   0.1067  0.0533     -    0.0411  0.1220  
 4   0.0644  0.0107  0.0411     -    0.0635  
 5   0.1128  0.0982  0.1220  0.0635     -    

Average distances (expected heterozygosity) between individuals in same cluster:
cluster  1  : 0.2473 
cluster  2  : 0.3162 
cluster  3  : 0.3224 
cluster  4  : 0.3460 
cluster  5  : 0.2963 

--------------------------------------------
Estimated Ln Prob of Data   = -72763.9
Mean value of ln likelihood = -72330.0
Variance of ln likelihood   = 867.8
Mean value of alpha         = 0.0466

Mean value of Fst_1         = 0.3862
Mean value of Fst_2         = 0.0788
Mean value of Fst_3         = 0.1909
Mean value of Fst_4         = 0.0019
Mean value of Fst_5         = 0.2736


Inferred ancestry of individuals:
        Label (%Miss) Pop:  Inferred clusters
  1 extAZ001    (0)    1 :  0.002 0.006 0.986 0.005 0.002 
  2 extAZ002    (0)    1 :  0.007 0.013 0.967 0.010 0.003 
  3 extAZ003    (2)    1 :  0.011 0.045 0.847 0.090 0.006 
  4 extAZ004    (0)    1 :  0.003 0.003 0.988 0.005 0.002 
  5 extAZ005    (0)    1 :  0.006 0.006 0.956 0.014 0.017 
  6 extAZ007    (0)    1 :  0.004 0.105 0.732 0.123 0.035 
  7 extAZ008    (0)    1 :  0.004 0.011 0.963 0.017 0.005 
  8 extAZ009    (0)    1 :  0.002 0.007 0.984 0.005 0.002 
  9 extAZ010    (0)    1 :  0.002 0.004 0.991 0.003 0.001 
 10 extAZ011    (0)    1 :  0.015 0.024 0.923 0.036 0.002 
 11 extAZ012    (0)    1 :  0.002 0.002 0.989 0.003 0.004 
 12 extAZ013    (0)    1 :  0.053 0.004 0.924 0.016 0.003 
 13 extAZ014    (0)    1 :  0.008 0.005 0.973 0.009 0.005 
 14 extAZ015    (0)    1 :  0.064 0.009 0.912 0.014 0.002 
 15 extAZ016    (0)    1 :  0.005 0.004 0.982 0.004 0.004 
 16 extAZ017    (0)    1 :  0.008 0.071 0.860 0.052 0.009 
 17 extAZ018    (0)    1 :  0.004 0.019 0.921 0.022 0.033 
 18 extAZ019    (0)    1 :  0.003 0.003 0.985 0.004 0.005 
 19 extAZ020    (0)    1 :  0.002 0.002 0.989 0.002 0.006 
 20 extAZ021    (0)    1 :  0.011 0.008 0.950 0.021 0.010 
 21 extAZ022    (0)    1 :  0.007 0.003 0.979 0.008 0.002 
 22 extAZ023    (0)    1 :  0.003 0.002 0.991 0.003 0.002 
 23 extAZ024    (0)    1 :  0.003 0.002 0.990 0.003 0.002 
 24 extAZ025    (0)    1 :  0.004 0.007 0.980 0.008 0.002 
 25 extAZ026    (2)    1 :  0.002 0.003 0.991 0.003 0.001 
 26 extAZ027    (0)    1 :  0.016 0.005 0.875 0.013 0.091 
 27 extAZ028    (0)    1 :  0.004 0.014 0.969 0.010 0.004 
 28 extAZ029    (0)    1 :  0.005 0.007 0.970 0.010 0.008 
 29 extAZ030    (0)    1 :  0.002 0.002 0.994 0.002 0.001 
 30 extAZ031    (0)    1 :  0.002 0.002 0.991 0.004 0.002 
 31 extAZ032    (0)    1 :  0.002 0.003 0.991 0.003 0.001 
 32 extAZ033    (0)    1 :  0.002 0.002 0.991 0.003 0.002 
 33 extAZ034    (0)    1 :  0.003 0.002 0.985 0.004 0.006 
 34 extAZ035    (0)    1 :  0.005 0.030 0.955 0.008 0.002 
 35 extAZ036    (0)    1 :  0.014 0.085 0.837 0.060 0.004 
 36 extAZ037    (0)    1 :  0.002 0.009 0.980 0.006 0.003 
 37 extAZ038    (0)    1 :  0.004 0.003 0.982 0.005 0.005 
 38 extAZ039    (0)    1 :  0.002 0.007 0.975 0.012 0.004 
 39 extAZ040    (0)    1 :  0.002 0.010 0.957 0.024 0.007 
 40 extAZ041    (1)    1 :  0.003 0.014 0.968 0.013 0.003 
 41 extAZ043    (0)    1 :  0.002 0.088 0.688 0.215 0.006 
 42 extAZ044    (0)    1 :  0.002 0.002 0.993 0.002 0.001 
 43 extAZ045    (0)    1 :  0.003 0.011 0.919 0.040 0.026 
 44 extAZ046    (0)    1 :  0.005 0.013 0.972 0.009 0.002 
 45 extAZ047    (0)    1 :  0.004 0.002 0.885 0.005 0.104 
 46 extAZ048    (0)    1 :  0.030 0.020 0.933 0.016 0.002 
 47 extAZ049    (0)    1 :  0.004 0.003 0.990 0.002 0.001 
 48 extAZ050    (0)    1 :  0.002 0.012 0.974 0.009 0.003 
 49 extAZ051    (0)    1 :  0.002 0.002 0.991 0.003 0.002 
 50 extAZ052    (0)    1 :  0.002 0.002 0.992 0.002 0.002 
 51 extAZ053    (0)    1 :  0.002 0.013 0.970 0.012 0.003 
 52 extAZ054    (0)    1 :  0.002 0.014 0.973 0.009 0.001 
 53 extAZ055    (0)    1 :  0.001 0.002 0.994 0.002 0.001 
 54 extAZ056    (0)    1 :  0.005 0.013 0.973 0.008 0.002 
 55 extAZ057    (0)    1 :  0.002 0.008 0.985 0.004 0.001 
 56 extAZ058    (0)    1 :  0.007 0.011 0.971 0.008 0.003 
 57 extAZ059    (0)    1 :  0.011 0.004 0.975 0.006 0.004 
 58 extAZ060    (0)    1 :  0.002 0.006 0.985 0.004 0.003 
 59 extAZ061    (0)    1 :  0.006 0.071 0.827 0.068 0.028 
 60 extAZ062    (1)    1 :  0.002 0.002 0.993 0.002 0.001 
 61 extAZ063    (0)    1 :  0.013 0.167 0.796 0.022 0.002 
 62 extAZ064    (0)    1 :  0.007 0.003 0.877 0.021 0.091 
 63 extAZ065    (0)    1 :  0.008 0.003 0.977 0.007 0.005 
 64 extAZ066    (0)    1 :  0.002 0.004 0.988 0.004 0.002 
 65 extAZ067    (0)    1 :  0.003 0.013 0.970 0.011 0.003 
 66 extAZ068    (0)    1 :  0.003 0.003 0.990 0.002 0.002 
 67 extAZ069    (0)    1 :  0.010 0.005 0.772 0.009 0.205 
 68 extAZ070    (1)    1 :  0.008 0.007 0.943 0.012 0.030 
 69 extAZ071    (1)    1 :  0.002 0.003 0.867 0.006 0.123 
 70 extAZ072    (0)    1 :  0.002 0.194 0.795 0.007 0.002 
 71 extAZ073    (2)    1 :  0.002 0.003 0.989 0.004 0.003 
 72 extAZ074    (0)    1 :  0.005 0.005 0.976 0.007 0.006 
 73 extAZ075    (0)    1 :  0.005 0.016 0.967 0.009 0.003 
 74 extAZ076    (3)    1 :  0.002 0.008 0.980 0.008 0.002 
 75 extAZ077    (1)    1 :  0.010 0.005 0.976 0.007 0.002 
 76 extAZ078    (0)    1 :  0.007 0.008 0.945 0.027 0.012 
 77 extAZ079    (0)    1 :  0.002 0.003 0.984 0.004 0.007 
 78 extAZ080    (0)    1 :  0.004 0.006 0.966 0.012 0.013 
 79 extAZ081    (0)    1 :  0.002 0.003 0.987 0.005 0.003 
 80 extAZ082    (0)    1 :  0.024 0.038 0.878 0.047 0.012 
 81 extAZ083    (0)    1 :  0.002 0.002 0.992 0.002 0.001 
 82 extAZ084    (0)    1 :  0.001 0.002 0.987 0.003 0.006 
 83 extAZ085    (0)    1 :  0.001 0.006 0.980 0.007 0.005 
 84 extAZ086    (0)    1 :  0.004 0.006 0.872 0.040 0.077 
 85 extAZ087    (0)    1 :  0.002 0.009 0.982 0.005 0.001 
 86 extAZ088    (0)    1 :  0.004 0.005 0.942 0.009 0.041 
 87 extAZ089    (0)    1 :  0.015 0.006 0.936 0.009 0.035 
 88 extAZ090    (0)    1 :  0.016 0.004 0.967 0.007 0.006 
 89 extAZ091    (0)    1 :  0.005 0.007 0.976 0.009 0.003 
 90 extAZ092    (0)    1 :  0.003 0.002 0.990 0.003 0.001 
 91 extAZ093    (0)    1 :  0.002 0.002 0.992 0.002 0.001 
 92 extAZ094    (0)    1 :  0.005 0.003 0.981 0.006 0.005 
 93 extAZ095    (1)    1 :  0.003 0.003 0.856 0.006 0.132 
 94 extAZ096    (0)    1 :  0.003 0.003 0.989 0.003 0.002 
 95 extAZ097    (1)    1 :  0.019 0.013 0.951 0.012 0.005 
 96 extAZ098    (0)    1 :  0.103 0.112 0.264 0.515 0.007 
 97 extAZ099    (0)    1 :  0.002 0.232 0.011 0.754 0.001 
 98 extAZ100    (0)    1 :  0.281 0.013 0.028 0.667 0.011 
 99 extAZ101    (0)    1 :  0.995 0.001 0.001 0.001 0.001 
100 extAZ102    (0)    1 :  0.995 0.001 0.001 0.001 0.002 
101 extAZ103    (0)    1 :  0.993 0.002 0.002 0.002 0.001 
102 extAZ104    (0)    1 :  0.989 0.002 0.001 0.002 0.006 
103 extAZ105    (0)    1 :  0.661 0.064 0.065 0.184 0.026 
104 extAZ106    (0)    1 :  0.020 0.096 0.043 0.497 0.344 
105 extAZ107    (1)    1 :  0.016 0.015 0.002 0.897 0.068 
106 extAZ108    (0)    1 :  0.029 0.890 0.025 0.052 0.003 
107 extAZ109    (0)    1 :  0.990 0.005 0.002 0.003 0.001 
108 extAZ110    (0)    1 :  0.980 0.007 0.007 0.005 0.002 
109 extAZ111    (0)    1 :  0.990 0.002 0.002 0.003 0.002 
110 extAZ112    (0)    1 :  0.994 0.002 0.001 0.002 0.001 
111 extAZ113    (0)    1 :  0.199 0.368 0.008 0.413 0.012 
112 extAZ114    (0)    1 :  0.893 0.002 0.003 0.011 0.090 
113 extAZ115    (0)    1 :  0.831 0.066 0.071 0.028 0.005 
114 extAZ116    (0)    1 :  0.993 0.002 0.001 0.002 0.002 
115 extNM001    (0)    2 :  0.011 0.034 0.138 0.815 0.002 
116 extNM002    (0)    2 :  0.022 0.016 0.004 0.950 0.008 
117 extNM003    (0)    2 :  0.004 0.027 0.018 0.948 0.004 
118 extNM004    (2)    2 :  0.025 0.017 0.221 0.606 0.131 
119 extNM005    (0)    2 :  0.002 0.016 0.010 0.970 0.002 
120 extNM006    (0)    2 :  0.014 0.015 0.010 0.949 0.011 
121 extNM007    (2)    2 :  0.005 0.123 0.088 0.780 0.005 
122 extNM008    (0)    2 :  0.004 0.010 0.009 0.974 0.002 
123 extNM009    (0)    2 :  0.005 0.019 0.021 0.953 0.003 
124 extNM010    (0)    2 :  0.004 0.008 0.005 0.981 0.002 
125 extNM011    (0)    2 :  0.071 0.005 0.904 0.016 0.004 
126 extNM012    (0)    2 :  0.010 0.005 0.979 0.004 0.002 
127 extNM013    (1)    2 :  0.088 0.005 0.877 0.017 0.014 
128 extNM014    (0)    2 :  0.006 0.029 0.869 0.089 0.007 
129 extNM015    (0)    2 :  0.036 0.024 0.900 0.034 0.006 
130 extNM016    (0)    2 :  0.006 0.045 0.930 0.014 0.005 
131 extNM017    (0)    2 :  0.003 0.007 0.961 0.023 0.007 
132 extNM018    (0)    2 :  0.003 0.018 0.964 0.013 0.002 
133 extNM019    (0)    2 :  0.006 0.003 0.983 0.005 0.003 
134 extNM020    (0)    2 :  0.012 0.021 0.956 0.009 0.002 
135 extNM021    (0)    2 :  0.005 0.005 0.984 0.004 0.001 
136 extNM022    (5)    2 :  0.005 0.056 0.290 0.074 0.576 
137 extNM023    (0)    2 :  0.033 0.027 0.910 0.025 0.006 
138 extNM025    (2)    2 :  0.036 0.009 0.061 0.889 0.005 
139 extNM027    (8)    2 :  0.015 0.025 0.002 0.034 0.923 
140 extNM028    (0)    2 :  0.002 0.119 0.015 0.856 0.009 
141 extNM029    (0)    2 :  0.014 0.041 0.016 0.924 0.004 
142 extCO001    (0)    3 :  0.003 0.016 0.051 0.927 0.004 
143 extCO002    (0)    3 :  0.006 0.064 0.058 0.863 0.009 
144 extCO003    (0)    3 :  0.002 0.017 0.097 0.880 0.004 
145 extCO004    (0)    3 :  0.003 0.172 0.014 0.795 0.015 
146 extCO005    (0)    3 :  0.005 0.015 0.011 0.965 0.004 
147 extCO006    (0)    3 :  0.014 0.017 0.002 0.940 0.026 
148 extNV001    (1)    4 :  0.011 0.104 0.760 0.081 0.043 
149 extNV002    (0)    4 :  0.005 0.012 0.953 0.025 0.004 
150 extNV003    (1)    4 :  0.028 0.033 0.874 0.055 0.010 
151 extNV004    (0)    4 :  0.065 0.064 0.758 0.104 0.008 
152 extNV005    (0)    4 :  0.014 0.007 0.914 0.014 0.052 
153 extNV006    (0)    4 :  0.137 0.016 0.835 0.009 0.003 
154 extUT001    (5)    5 :  0.033 0.048 0.756 0.150 0.014 
155 extUT002    (0)    5 :  0.008 0.061 0.795 0.130 0.005 
156 extUT003    (0)    5 :  0.032 0.023 0.894 0.036 0.014 
157 extUT004    (0)    5 :  0.014 0.092 0.857 0.034 0.003 
158 extCA001    (0)    6 :  0.003 0.570 0.417 0.008 0.002 
159 extCA002    (0)    6 :  0.006 0.351 0.343 0.292 0.009 
160 extCA003    (0)    6 :  0.004 0.383 0.328 0.282 0.002 
161 extCA004    (0)    6 :  0.012 0.487 0.286 0.213 0.002 
162 extCA005    (0)    6 :  0.010 0.456 0.290 0.241 0.003 
163 extCA006    (0)    6 :  0.005 0.451 0.491 0.050 0.003 
164 extCA007    (0)    6 :  0.011 0.007 0.963 0.014 0.005 
165 extCA008    (0)    6 :  0.009 0.112 0.728 0.132 0.019 
166 extCA009    (0)    6 :  0.009 0.319 0.009 0.636 0.028 
167 extCA010    (0)    6 :  0.004 0.633 0.320 0.032 0.012 
168 extCA011    (0)    6 :  0.013 0.229 0.330 0.410 0.018 
169 extCA012    (0)    6 :  0.055 0.790 0.021 0.131 0.003 
170 extCA013    (0)    6 :  0.015 0.224 0.059 0.699 0.002 
171 extCA014    (0)    6 :  0.003 0.467 0.004 0.455 0.072 
172 extCA015    (0)    6 :  0.034 0.875 0.033 0.049 0.008 
173 extCA016    (0)    6 :  0.006 0.050 0.045 0.896 0.004 
174 extCA017    (0)    6 :  0.007 0.120 0.029 0.769 0.075 
175 extCA018    (0)    6 :  0.023 0.643 0.124 0.197 0.013 
176 extCA019    (0)    6 :  0.003 0.876 0.107 0.009 0.004 
177 extCA020    (0)    6 :  0.002 0.985 0.004 0.006 0.002 
178 extCA021    (0)    6 :  0.009 0.968 0.006 0.015 0.002 
179 extCA022    (0)    6 :  0.002 0.949 0.012 0.020 0.017 
180 extCA023    (0)    6 :  0.002 0.963 0.010 0.017 0.007 
181 extCA024    (0)    6 :  0.001 0.680 0.310 0.004 0.004 
182 extCA025    (0)    6 :  0.002 0.659 0.329 0.007 0.004 
183 extCA026    (0)    6 :  0.002 0.987 0.003 0.006 0.001 
184 extCA027    (0)    6 :  0.004 0.981 0.005 0.008 0.002 
185 extCA028    (0)    6 :  0.004 0.867 0.093 0.032 0.004 
186 extCA029    (5)    6 :  0.002 0.900 0.065 0.030 0.003 
187 extCA030    (0)    6 :  0.002 0.903 0.087 0.006 0.002 
188 extCA031    (0)    6 :  0.003 0.981 0.002 0.010 0.005 
189 extCA032    (0)    6 :  0.008 0.957 0.006 0.017 0.012 
190 extCA033    (0)    6 :  0.002 0.970 0.010 0.013 0.004 
191 extCA034    (0)    6 :  0.008 0.568 0.384 0.038 0.002 
192 extCA035    (0)    6 :  0.002 0.971 0.016 0.009 0.003 
193 extCA036    (0)    6 :  0.004 0.881 0.057 0.052 0.006 
194 extCA037    (0)    6 :  0.003 0.843 0.038 0.111 0.005 
195 extCA038    (0)    6 :  0.009 0.188 0.596 0.199 0.008 
196 extCA039    (0)    6 :  0.019 0.223 0.683 0.069 0.007 
197 extCA040    (0)    6 :  0.005 0.372 0.478 0.141 0.004 
198 extCA041    (0)    6 :  0.011 0.514 0.442 0.031 0.002 
199 extCA042    (0)    6 :  0.003 0.357 0.607 0.023 0.010 
200 extCA043    (0)    6 :  0.006 0.272 0.536 0.183 0.003 
201 extCA044    (3)    6 :  0.006 0.772 0.183 0.033 0.006 
202 extCA045    (0)    6 :  0.006 0.564 0.400 0.027 0.003 
203 extCA046    (0)    6 :  0.005 0.512 0.420 0.060 0.003 
204 extCA047    (0)    6 :  0.005 0.263 0.461 0.267 0.003 
205 brwCA001    (0)    7 :  0.009 0.958 0.002 0.012 0.019 
206 brwCA002    (0)    7 :  0.003 0.985 0.003 0.008 0.001 
207 brwCA003    (0)    7 :  0.004 0.515 0.102 0.348 0.030 
208 brwCA004    (0)    7 :  0.051 0.826 0.003 0.113 0.008 
209 brwCA005    (2)    7 :  0.013 0.947 0.011 0.026 0.003 
210 brwCA006    (0)    7 :  0.146 0.801 0.002 0.046 0.005 
211 brwOR001    (0)    8 :  0.002 0.979 0.003 0.013 0.003 
212 brwOR002    (0)    8 :  0.020 0.966 0.002 0.010 0.002 
213 brwOR003    (0)    8 :  0.005 0.967 0.004 0.019 0.006 
214 brwOR004    (0)    8 :  0.002 0.987 0.003 0.006 0.002 
215 brwOR005    (0)    8 :  0.009 0.982 0.003 0.006 0.001 
216 brwOR006    (0)    8 :  0.002 0.981 0.002 0.011 0.003 
217 brwOR007    (1)    8 :  0.012 0.825 0.005 0.099 0.059 
218 brwOR008    (0)    8 :  0.002 0.980 0.006 0.009 0.003 
219 brwOR010    (0)    8 :  0.005 0.982 0.003 0.008 0.002 
220 brwOR012    (0)    8 :  0.004 0.966 0.005 0.020 0.006 
221 brwOR013    (0)    8 :  0.012 0.959 0.006 0.018 0.005 
222 brwOR014    (0)    8 :  0.002 0.983 0.003 0.008 0.005 
223 brwOR015    (0)    8 :  0.014 0.973 0.003 0.007 0.004 
224 brwOR016    (0)    8 :  0.005 0.943 0.023 0.026 0.003 
225 brwOR017    (0)    8 :  0.002 0.857 0.004 0.092 0.046 
226 brwOR018    (0)    8 :  0.012 0.824 0.002 0.083 0.079 
227 brwOR019    (0)    8 :  0.002 0.982 0.002 0.008 0.006 
228 brwOR020    (0)    8 :  0.002 0.987 0.002 0.007 0.002 
229 brwOR021    (0)    8 :  0.018 0.927 0.009 0.041 0.006 
230 brwOR022    (0)    8 :  0.013 0.967 0.002 0.015 0.002 
231 brwOR023    (0)    8 :  0.003 0.953 0.023 0.015 0.006 
232 brwOR024    (0)    8 :  0.002 0.698 0.003 0.263 0.034 
233 brwOR025    (0)    8 :  0.007 0.976 0.004 0.011 0.002 
234 brwOR026    (0)    8 :  0.006 0.750 0.094 0.141 0.009 
235 brwOR027    (0)    8 :  0.003 0.986 0.003 0.006 0.001 
236 brwOR028    (0)    8 :  0.004 0.966 0.005 0.022 0.004 
237 brwOR029    (0)    8 :  0.003 0.985 0.002 0.008 0.002 
238 brwOR030    (0)    8 :  0.004 0.985 0.004 0.007 0.001 
239 brwOR031    (2)    8 :  0.021 0.055 0.011 0.112 0.801 
240 brwOR032    (0)    8 :  0.007 0.983 0.001 0.007 0.002 
241 brwOR033    (0)    8 :  0.005 0.776 0.030 0.181 0.008 
242 brwOR034    (0)    8 :  0.010 0.808 0.005 0.166 0.011 
243 brwOR035    (0)    8 :  0.005 0.967 0.015 0.012 0.002 
244 brwWA001    (0)    9 :  0.004 0.980 0.003 0.010 0.003 
245 brwWA002    (0)    9 :  0.002 0.984 0.005 0.008 0.001 
246 brwWA003    (0)    9 :  0.002 0.989 0.003 0.004 0.001 
247 brwWA004    (0)    9 :  0.004 0.982 0.002 0.010 0.001 
248 brwWA005    (1)    9 :  0.004 0.984 0.006 0.006 0.001 
249 brwWA006    (0)    9 :  0.003 0.981 0.006 0.006 0.004 
250 brwWA007    (0)    9 :  0.001 0.986 0.002 0.008 0.002 
251 brwWA008    (0)    9 :  0.023 0.923 0.005 0.044 0.005 
252 adaBC001    (0)   10 :  0.002 0.015 0.009 0.958 0.016 
253 adaBC002    (1)   10 :  0.010 0.967 0.003 0.016 0.003 
254 adaBC003    (0)   10 :  0.015 0.015 0.002 0.034 0.934 
255 adaBC004    (0)   10 :  0.005 0.602 0.004 0.334 0.054 
256 adaBC005    (0)   10 :  0.008 0.401 0.003 0.453 0.136 
257 adaCO001    (0)   11 :  0.030 0.044 0.003 0.916 0.007 
258 adaCO002    (0)   11 :  0.009 0.015 0.021 0.952 0.004 
259 adaCO003    (0)   11 :  0.011 0.010 0.005 0.972 0.002 
260 adaCO004    (0)   11 :  0.028 0.057 0.004 0.908 0.003 
261 adaCO005    (0)   11 :  0.006 0.072 0.477 0.187 0.258 
262 adaCO006    (0)   11 :  0.039 0.016 0.009 0.922 0.014 
263 adaCO007    (0)   11 :  0.015 0.012 0.217 0.753 0.003 
264 adaCO008    (0)   11 :  0.005 0.018 0.016 0.956 0.005 
265 adaCO009    (0)   11 :  0.006 0.023 0.003 0.966 0.003 
266 adaCO010    (0)   11 :  0.004 0.027 0.053 0.911 0.004 
267 adaCO011    (2)   11 :  0.020 0.017 0.009 0.944 0.011 
268 adaCO012    (0)   11 :  0.008 0.049 0.015 0.921 0.006 
269 adaCO013    (0)   11 :  0.012 0.005 0.018 0.960 0.006 
270 adaCO014    (0)   11 :  0.023 0.018 0.087 0.862 0.010 
271 adaCO015    (0)   11 :  0.003 0.007 0.008 0.961 0.022 
272 adaCO016    (0)   11 :  0.006 0.078 0.011 0.834 0.071 
273 adaCO017    (0)   11 :  0.005 0.036 0.003 0.934 0.022 
274 adaCO018    (0)   11 :  0.005 0.015 0.003 0.890 0.087 
275 adaCO019    (0)   11 :  0.034 0.022 0.008 0.932 0.004 
276 adaCO020    (0)   11 :  0.015 0.162 0.005 0.798 0.021 
277 adaCO021    (0)   11 :  0.003 0.026 0.013 0.949 0.009 
278 adaCO022    (0)   11 :  0.008 0.011 0.002 0.972 0.007 
279 adaCO023    (0)   11 :  0.006 0.016 0.075 0.891 0.012 
280 adaCO024    (0)   11 :  0.010 0.008 0.009 0.962 0.012 
281 adaCO025    (0)   11 :  0.004 0.030 0.008 0.955 0.003 
282 adaCO026    (0)   11 :  0.013 0.007 0.003 0.936 0.040 
283 adaCO027    (0)   11 :  0.006 0.437 0.003 0.496 0.057 
284 adaCO028    (0)   11 :  0.002 0.037 0.011 0.946 0.004 
285 adaCO031    (0)   11 :  0.007 0.519 0.008 0.291 0.175 
286 adaCO032    (0)   11 :  0.007 0.040 0.006 0.898 0.049 
287 adaCO033    (0)   11 :  0.004 0.288 0.004 0.594 0.110 
288 adaCO034    (0)   11 :  0.031 0.027 0.003 0.933 0.006 
289 adaCO035    (0)   11 :  0.003 0.280 0.004 0.653 0.060 
290 adaCO036    (0)   11 :  0.004 0.064 0.005 0.873 0.053 
291 adaCO037    (1)   11 :  0.016 0.023 0.122 0.827 0.012 
292 adaCO038    (0)   11 :  0.001 0.047 0.010 0.934 0.008 
293 adaCO039    (0)   11 :  0.011 0.011 0.003 0.972 0.003 
294 adaCO040    (0)   11 :  0.012 0.026 0.006 0.843 0.113 
295 adaCO041    (0)   11 :  0.002 0.033 0.003 0.943 0.018 
296 adaCO042    (1)   11 :  0.005 0.568 0.003 0.408 0.016 
297 adaCO043    (1)   11 :  0.007 0.011 0.012 0.963 0.006 
298 adaCO044    (0)   11 :  0.003 0.300 0.018 0.532 0.148 
299 adaCO045    (2)   11 :  0.003 0.038 0.038 0.917 0.005 
300 adaCO046    (0)   11 :  0.012 0.008 0.003 0.973 0.004 
301 adaCO047    (0)   11 :  0.024 0.007 0.004 0.950 0.014 
302 adaCO048    (0)   11 :  0.003 0.320 0.005 0.523 0.149 
303 adaCO050    (0)   11 :  0.003 0.048 0.004 0.917 0.028 
304 adaCO051    (0)   11 :  0.007 0.014 0.014 0.919 0.046 
305 adaCO052    (0)   11 :  0.004 0.115 0.005 0.873 0.003 
306 adaCO053    (0)   11 :  0.004 0.016 0.006 0.837 0.137 
307 adaCO054    (0)   11 :  0.007 0.017 0.007 0.959 0.009 
308 adaCO055    (0)   11 :  0.005 0.012 0.009 0.969 0.005 
309 adaCO056    (0)   11 :  0.114 0.010 0.003 0.815 0.058 
310 adaCO057    (0)   11 :  0.011 0.011 0.004 0.963 0.011 
311 adaCO058    (0)   11 :  0.004 0.062 0.008 0.896 0.031 
312 adaCO059    (0)   11 :  0.005 0.094 0.103 0.796 0.003 
313 adaCO061    (0)   11 :  0.009 0.006 0.022 0.950 0.013 
314 adaCO062    (0)   11 :  0.008 0.015 0.014 0.957 0.005 
315 adaCO063    (0)   11 :  0.029 0.234 0.023 0.279 0.435 
316 adaCO064    (0)   11 :  0.067 0.885 0.012 0.029 0.007 
317 adaCO065    (0)   11 :  0.019 0.010 0.003 0.964 0.004 
318 adaCO066    (0)   11 :  0.004 0.021 0.023 0.945 0.006 
319 adaCO067    (1)   11 :  0.001 0.005 0.987 0.005 0.002 
320 adaCO068    (0)   11 :  0.004 0.070 0.021 0.895 0.010 
321 adaCO069    (0)   11 :  0.069 0.030 0.002 0.885 0.014 
322 adaCO070    (0)   11 :  0.003 0.005 0.006 0.981 0.004 
323 adaCO071    (0)   11 :  0.067 0.024 0.059 0.829 0.021 
324 adaCO072    (0)   11 :  0.005 0.008 0.012 0.950 0.024 
325 adaCO073    (0)   11 :  0.007 0.010 0.029 0.949 0.005 
326 adaCO074    (0)   11 :  0.007 0.008 0.953 0.013 0.019 
327 adaCO075    (3)   11 :  0.013 0.058 0.012 0.903 0.014 
328 adaCO076    (0)   11 :  0.017 0.010 0.002 0.884 0.087 
329 adaMT001    (1)   12 :  0.003 0.395 0.004 0.565 0.032 
330 adaUT001    (0)   13 :  0.022 0.017 0.005 0.905 0.051 
331 adaUT002    (0)   13 :  0.059 0.018 0.005 0.895 0.024 
332 adaUT004    (0)   13 :  0.160 0.614 0.003 0.171 0.051 
333 adaUT006    (0)   13 :  0.016 0.007 0.005 0.951 0.021 
334 adaUT007    (0)   13 :  0.002 0.011 0.008 0.976 0.002 
335 adaUT008    (0)   13 :  0.021 0.025 0.022 0.915 0.018 
336 adaUT009    (0)   13 :  0.007 0.093 0.033 0.855 0.012 
337 adaUT010    (0)   13 :  0.004 0.054 0.002 0.937 0.003 
338 adaUT011    (0)   13 :  0.012 0.071 0.004 0.881 0.032 
339 adaUT012    (0)   13 :  0.007 0.036 0.003 0.934 0.021 
340 adaUT013    (0)   13 :  0.006 0.010 0.020 0.961 0.003 
341 adaUT014    (0)   13 :  0.003 0.045 0.016 0.919 0.017 
342 adaUT015    (0)   13 :  0.022 0.263 0.004 0.699 0.011 
343 adaUT016    (0)   13 :  0.190 0.062 0.003 0.717 0.027 
344 adaUT017    (3)   13 :  0.027 0.336 0.003 0.564 0.070 
345 adaUT018    (0)   13 :  0.008 0.443 0.003 0.333 0.212 
346 adaUT019    (0)   13 :  0.003 0.015 0.004 0.963 0.015 
347 adaUT020    (0)   13 :  0.006 0.018 0.002 0.888 0.087 
348 adaUT021    (0)   13 :  0.013 0.129 0.004 0.848 0.005 
349 adaUT022    (0)   13 :  0.009 0.032 0.005 0.947 0.007 
350 adaUT023    (0)   13 :  0.004 0.084 0.003 0.893 0.016 
351 adaUT024    (0)   13 :  0.034 0.014 0.048 0.901 0.003 
352 adaUT026    (0)   13 :  0.057 0.038 0.007 0.876 0.021 
353 adaUT030    (0)   13 :  0.002 0.075 0.014 0.905 0.004 
354 adaUT031    (0)   13 :  0.003 0.075 0.003 0.910 0.009 
355 adaUT032    (0)   13 :  0.145 0.488 0.003 0.330 0.034 
356 adaUT033    (1)   13 :  0.005 0.043 0.006 0.926 0.020 
357 adaUT034    (1)   13 :  0.003 0.039 0.004 0.947 0.007 
358 adaUT035    (0)   13 :  0.028 0.016 0.002 0.948 0.006 
359 adaUT036    (0)   13 :  0.005 0.010 0.002 0.960 0.023 
360 adaUT037    (1)   13 :  0.004 0.015 0.003 0.962 0.015 
361 adaUT038    (0)   13 :  0.017 0.012 0.014 0.922 0.035 
362 adaUT039    (0)   13 :  0.002 0.055 0.005 0.931 0.008 
363 adaUT040    (0)   13 :  0.003 0.058 0.003 0.932 0.004 
364 adaUT041    (0)   13 :  0.004 0.524 0.039 0.096 0.337 
365 adaUT042    (0)   13 :  0.002 0.018 0.002 0.963 0.015 
366 adaUT043    (0)   13 :  0.023 0.258 0.023 0.460 0.237 
367 adaWA001    (0)   14 :  0.001 0.989 0.002 0.006 0.002 
368 adaWA002    (0)   14 :  0.002 0.976 0.012 0.009 0.002 
369 adaWA003    (0)   14 :  0.003 0.955 0.008 0.032 0.002 
370 adaWY001    (0)   15 :  0.014 0.617 0.003 0.357 0.009 
371 adaWY002    (0)   15 :  0.023 0.429 0.011 0.527 0.010 
372 adaWY003    (0)   15 :  0.005 0.061 0.002 0.909 0.023 
373 traNY001    (0)   16 :  0.001 0.001 0.001 0.001 0.996 
374 traNY002    (1)   16 :  0.003 0.005 0.009 0.008 0.975 
375 traNY003    (1)   16 :  0.001 0.002 0.005 0.003 0.989 
376 traMD001    (0)   17 :  0.004 0.006 0.003 0.004 0.983 
377 traMD002    (0)   17 :  0.002 0.003 0.001 0.003 0.990 
378 traMD003    (0)   17 :  0.009 0.003 0.002 0.005 0.981 
379 traMD004    (0)   17 :  0.003 0.007 0.010 0.011 0.969 
380 traMD005    (0)   17 :  0.004 0.017 0.005 0.019 0.954 
381 traMD006    (0)   17 :  0.015 0.002 0.001 0.003 0.979 
382 traMD008    (0)   17 :  0.003 0.012 0.008 0.018 0.959 
383 traMD009    (0)   17 :  0.003 0.005 0.003 0.007 0.982 
384 traTN001    (0)   18 :  0.004 0.004 0.003 0.004 0.985 
385 traTN002    (0)   18 :  0.003 0.003 0.007 0.004 0.984 
386 traTN003    (0)   18 :  0.002 0.002 0.001 0.002 0.992 
387 traTN004    (0)   18 :  0.005 0.002 0.003 0.005 0.985 
388 traTN005    (0)   18 :  0.002 0.005 0.004 0.006 0.983 
389 traTN006    (0)   18 :  0.004 0.002 0.002 0.003 0.989 
390 traTN007    (1)   18 :  0.038 0.014 0.006 0.032 0.911 
391 traMI001    (0)   19 :  0.006 0.002 0.004 0.004 0.984 
392 traMI002    (0)   19 :  0.002 0.001 0.001 0.002 0.993 
393 traMI003    (0)   19 :  0.003 0.007 0.005 0.004 0.980 
394 traMI004    (0)   19 :  0.002 0.002 0.001 0.003 0.992 
395 traMI005    (0)   19 :  0.003 0.002 0.001 0.003 0.991 
396 traMI006    (0)   19 :  0.002 0.006 0.006 0.007 0.979 
397 traMI007    (0)   19 :  0.001 0.003 0.004 0.003 0.988 
398 traMI008    (0)   19 :  0.003 0.002 0.002 0.002 0.992 
399 traMI009    (0)   19 :  0.001 0.004 0.001 0.005 0.988 
400 traMI010    (0)   19 :  0.012 0.005 0.022 0.012 0.950 
401 traMI011    (0)   19 :  0.002 0.003 0.003 0.004 0.988 
402 traMN001    (0)   20 :  0.009 0.018 0.008 0.020 0.945 
403 traMN002    (0)   20 :  0.002 0.002 0.002 0.002 0.992 
404 traMN003    (0)   20 :  0.002 0.002 0.002 0.003 0.991 
405 traMN004    (0)   20 :  0.003 0.013 0.005 0.022 0.956 
406 traND001    (0)   21 :  0.005 0.022 0.004 0.630 0.339 
407 traND002    (0)   21 :  0.106 0.018 0.011 0.084 0.781 
408 traND003    (0)   21 :  0.055 0.019 0.057 0.127 0.742 
409 traSD001    (0)   22 :  0.008 0.017 0.091 0.192 0.691 
410 traSD002    (1)   22 :  0.007 0.050 0.009 0.298 0.636 


Estimated Allele Frequencies in each cluster
First column gives estimated ancestral frequencies


Locus 1 : ada_brew_1 
2 alleles
0.5% missing data
   2   (0.764) 0.605 0.943 0.811 0.762 0.361 
   1   (0.236) 0.395 0.057 0.189 0.238 0.639 

Locus 2 : ada_brew_17 
2 alleles
0.0% missing data
   2   (0.781) 0.820 0.735 0.856 0.784 0.805 
   1   (0.219) 0.180 0.265 0.144 0.216 0.195 

Locus 3 : ada_ext_11 
2 alleles
1.0% missing data
   3   (0.363) 0.467 0.374 0.702 0.359 0.217 
   1   (0.637) 0.533 0.626 0.298 0.641 0.783 

Locus 4 : ada_ext_4 
2 alleles
1.0% missing data
   3   (0.959) 0.968 0.980 0.573 0.963 0.996 
   1   (0.041) 0.032 0.020 0.427 0.037 0.004 

Locus 5 : ada_Kern_3 
2 alleles
0.0% missing data
   2   (0.929) 0.961 0.834 0.931 0.933 0.997 
   4   (0.071) 0.039 0.166 0.069 0.067 0.003 

Locus 6 : ada_tra_6 
2 alleles
0.2% missing data
   3   (0.774) 0.962 0.705 0.965 0.776 0.452 
   1   (0.226) 0.038 0.295 0.035 0.224 0.548 

Locus 7 : brew_ext_10 
2 alleles
0.2% missing data
   2   (0.769) 0.831 0.633 0.995 0.767 0.941 
   4   (0.231) 0.169 0.367 0.005 0.233 0.059 

Locus 8 : brew_ext_3 
2 alleles
0.5% missing data
   2   (0.834) 0.834 0.908 0.602 0.838 0.707 
   4   (0.166) 0.166 0.092 0.398 0.162 0.293 

Locus 9 : brew_Kern_3 
2 alleles
0.5% missing data
   2   (0.442) 0.261 0.509 0.511 0.440 0.359 
   4   (0.558) 0.739 0.491 0.489 0.560 0.641 

Locus 10 : brew_NS_7 
2 alleles
1.0% missing data
   1   (0.654) 0.705 0.714 0.400 0.656 0.568 
   3   (0.346) 0.295 0.286 0.600 0.344 0.432 

Locus 11 : ada_brew_10 
2 alleles
0.5% missing data
   2   (0.759) 0.409 0.638 0.652 0.765 0.910 
   4   (0.241) 0.591 0.362 0.348 0.235 0.090 

Locus 12 : ada_brew_18 
2 alleles
0.0% missing data
   1   (0.694) 0.851 0.720 0.941 0.693 0.455 
   3   (0.306) 0.149 0.280 0.059 0.307 0.545 

Locus 13 : ada_brew_5 
2 alleles
0.2% missing data
   3   (0.268) 0.272 0.388 0.268 0.265 0.068 
   4   (0.732) 0.728 0.612 0.732 0.735 0.932 

Locus 14 : ada_ext_12 
2 alleles
0.0% missing data
   2   (0.625) 0.335 0.660 0.910 0.623 0.609 
   4   (0.375) 0.665 0.340 0.090 0.377 0.391 

Locus 15 : ada_ext_5 
2 alleles
0.2% missing data
   4   (0.716) 0.359 0.713 0.899 0.719 0.601 
   2   (0.284) 0.641 0.287 0.101 0.281 0.399 

Locus 16 : ada_Kern_4 
2 alleles
0.2% missing data
   4   (0.959) 0.998 0.940 0.970 0.962 0.999 
   2   (0.041) 0.002 0.060 0.030 0.038 0.001 

Locus 17 : Ada_NS_8 
2 alleles
1.0% missing data
   2   (0.891) 0.992 0.891 0.678 0.893 0.996 
   4   (0.109) 0.008 0.109 0.322 0.107 0.004 

Locus 18 : ada_WM_1 
2 alleles
0.7% missing data
   1   (0.791) 0.167 0.756 0.960 0.794 0.896 
   4   (0.209) 0.833 0.244 0.040 0.206 0.104 

Locus 19 : brew_ext_11 
2 alleles
0.0% missing data
   4   (0.828) 0.660 0.902 0.533 0.830 0.964 
   2   (0.172) 0.340 0.098 0.467 0.170 0.036 

Locus 20 : brew_ext_4 
2 alleles
0.2% missing data
   4   (0.099) 0.006 0.029 0.285 0.097 0.262 
   2   (0.901) 0.994 0.971 0.715 0.903 0.738 

Locus 21 : brew_Kern_4 
2 alleles
0.0% missing data
   2   (0.761) 0.974 0.745 0.522 0.764 0.770 
   4   (0.239) 0.026 0.255 0.478 0.236 0.230 

Locus 22 : brew_NS_8 
2 alleles
0.2% missing data
   3   (0.790) 0.497 0.871 0.868 0.791 0.828 
   1   (0.210) 0.503 0.129 0.132 0.209 0.172 

Locus 23 : ada_brew_11 
2 alleles
0.0% missing data
   2   (0.772) 0.380 0.814 0.896 0.775 0.492 
   3   (0.228) 0.620 0.186 0.104 0.225 0.508 

Locus 24 : ada_brew_19 
2 alleles
0.5% missing data
   3   (0.641) 0.819 0.658 0.896 0.638 0.755 
   1   (0.359) 0.181 0.342 0.104 0.362 0.245 

Locus 25 : ada_brew_6 
2 alleles
0.2% missing data
   4   (0.833) 0.988 0.696 0.895 0.834 0.994 
   2   (0.167) 0.012 0.304 0.105 0.166 0.006 

Locus 26 : ada_ext_13 
2 alleles
0.0% missing data
   4   (0.748) 0.831 0.760 0.642 0.751 0.838 
   2   (0.252) 0.169 0.240 0.358 0.249 0.162 

Locus 27 : ada_ext_6 
2 alleles
1.7% missing data
   4   (0.073) 0.005 0.159 0.435 0.067 0.050 
   2   (0.927) 0.995 0.841 0.565 0.933 0.950 

Locus 28 : Ada_NS_10 
2 alleles
0.0% missing data
   2   (0.736) 0.703 0.580 0.853 0.740 0.823 
   4   (0.264) 0.297 0.420 0.147 0.260 0.177 

Locus 29 : Ada_NS_9 
2 alleles
0.0% missing data
   3   (0.338) 0.357 0.348 0.369 0.337 0.081 
   1   (0.662) 0.643 0.652 0.631 0.663 0.919 

Locus 30 : ada_WM_2 
2 alleles
0.0% missing data
   4   (0.484) 0.034 0.430 0.485 0.488 0.439 
   1   (0.516) 0.966 0.570 0.515 0.512 0.561 

Locus 31 : brew_ext_12 
2 alleles
0.0% missing data
   1   (0.449) 0.178 0.278 0.829 0.451 0.402 
   3   (0.551) 0.822 0.722 0.171 0.549 0.598 

Locus 32 : brew_NS_1 
2 alleles
0.7% missing data
   2   (0.698) 0.467 0.775 0.401 0.701 0.799 
   4   (0.302) 0.533 0.225 0.599 0.299 0.201 

Locus 33 : brew_NS_9 
2 alleles
0.2% missing data
   2   (0.822) 0.474 0.770 0.992 0.824 0.804 
   4   (0.178) 0.526 0.230 0.008 0.176 0.196 

Locus 34 : ada_brew_12 
2 alleles
0.0% missing data
   2   (0.736) 0.439 0.894 0.783 0.735 0.517 
   4   (0.264) 0.561 0.106 0.217 0.265 0.483 

Locus 35 : ada_brew_2 
2 alleles
0.0% missing data
   1   (0.746) 0.835 0.685 0.915 0.748 0.834 
   3   (0.254) 0.165 0.315 0.085 0.252 0.166 

Locus 36 : ada_brew_7 
2 alleles
1.5% missing data
   3   (0.708) 0.404 0.800 0.709 0.711 0.303 
   2   (0.292) 0.596 0.200 0.291 0.289 0.697 

Locus 37 : ada_ext_15 
2 alleles
0.0% missing data
   3   (0.907) 0.995 0.883 0.555 0.911 0.976 
   4   (0.093) 0.005 0.117 0.445 0.089 0.024 

Locus 38 : ada_ext_7 
2 alleles
0.0% missing data
   2   (0.078) 0.126 0.045 0.329 0.075 0.003 
   4   (0.922) 0.874 0.955 0.671 0.925 0.997 

Locus 39 : Ada_NS_2 
2 alleles
1.0% missing data
   1   (0.894) 0.991 0.884 0.965 0.896 0.964 
   3   (0.106) 0.009 0.116 0.035 0.104 0.036 

Locus 40 : ada_tra_1 
2 alleles
0.0% missing data
   1   (0.192) 0.012 0.405 0.601 0.182 0.814 
   3   (0.808) 0.988 0.595 0.399 0.818 0.186 

Locus 41 : ada_WM_3 
2 alleles
2.0% missing data
   3   (0.650) 0.940 0.591 0.625 0.651 0.831 
   1   (0.350) 0.060 0.409 0.375 0.349 0.169 

Locus 42 : brew_ext_13 
2 alleles
0.0% missing data
   2   (0.939) 0.996 0.983 0.624 0.940 0.998 
   4   (0.061) 0.004 0.017 0.376 0.060 0.002 

Locus 43 : brew_ext_6 
2 alleles
0.0% missing data
   3   (0.967) 0.998 0.991 0.583 0.970 0.998 
   1   (0.033) 0.002 0.009 0.417 0.030 0.002 

Locus 44 : brew_NS_2 
2 alleles
0.0% missing data
   4   (0.693) 0.590 0.710 0.985 0.689 0.714 
   2   (0.307) 0.410 0.290 0.015 0.311 0.286 

Locus 45 : brew_tra_1 
2 alleles
0.2% missing data
   1   (0.584) 0.748 0.255 0.889 0.585 0.946 
   2   (0.416) 0.252 0.745 0.111 0.415 0.054 

Locus 46 : ada_brew_13 
2 alleles
0.0% missing data
   2   (0.333) 0.023 0.217 0.289 0.337 0.276 
   4   (0.667) 0.977 0.783 0.711 0.663 0.724 

Locus 47 : ada_brew_20 
2 alleles
0.5% missing data
   1   (0.742) 0.383 0.822 0.832 0.745 0.433 
   3   (0.258) 0.617 0.178 0.168 0.255 0.567 

Locus 48 : ada_brew_8 
2 alleles
0.2% missing data
   4   (0.827) 0.989 0.740 0.853 0.830 0.896 
   2   (0.173) 0.011 0.260 0.147 0.170 0.104 

Locus 49 : ada_ext_16 
2 alleles
2.2% missing data
   2   (0.901) 0.987 0.962 0.626 0.901 0.996 
   4   (0.099) 0.013 0.038 0.374 0.099 0.004 

Locus 50 : ada_ext_8 
2 alleles
0.0% missing data
   4   (0.075) 0.119 0.015 0.392 0.071 0.099 
   2   (0.925) 0.881 0.985 0.608 0.929 0.901 

Locus 51 : Ada_NS_3 
2 alleles
0.2% missing data
   1   (0.255) 0.161 0.207 0.189 0.254 0.221 
   2   (0.745) 0.839 0.793 0.811 0.746 0.779 

Locus 52 : ada_tra_2 
2 alleles
0.0% missing data
   3   (0.156) 0.334 0.202 0.216 0.148 0.800 
   1   (0.844) 0.666 0.798 0.784 0.852 0.200 

Locus 53 : ada_WM_4 
2 alleles
0.0% missing data
   2   (0.449) 0.106 0.365 0.276 0.453 0.467 
   4   (0.551) 0.894 0.635 0.724 0.547 0.533 

Locus 54 : brew_ext_14 
2 alleles
0.0% missing data
   2   (0.915) 0.994 0.932 0.504 0.920 0.927 
   1   (0.085) 0.006 0.068 0.496 0.080 0.073 

Locus 55 : brew_ext_7 
2 alleles
0.0% missing data
   3   (0.773) 0.598 0.947 0.616 0.773 0.559 
   1   (0.227) 0.402 0.053 0.384 0.227 0.441 

Locus 56 : brew_NS_3 
2 alleles
1.2% missing data
   4   (0.225) 0.145 0.246 0.274 0.221 0.230 
   2   (0.775) 0.855 0.754 0.726 0.779 0.770 

Locus 57 : brew_tra_10 
2 alleles
0.0% missing data
   3   (0.665) 0.323 0.565 0.538 0.669 0.910 
   4   (0.335) 0.677 0.435 0.462 0.331 0.090 

Locus 58 : ada_brew_14 
2 alleles
0.0% missing data
   3   (0.780) 0.985 0.615 0.783 0.782 0.957 
   1   (0.220) 0.015 0.385 0.217 0.218 0.043 

Locus 59 : ada_brew_21 
2 alleles
0.7% missing data
   4   (0.684) 0.578 0.620 0.886 0.685 0.707 
   2   (0.316) 0.422 0.380 0.114 0.315 0.293 

Locus 60 : ada_brew_9 
2 alleles
1.0% missing data
   2   (0.629) 0.974 0.455 0.687 0.630 0.777 
   4   (0.371) 0.026 0.545 0.313 0.370 0.223 

Locus 61 : ada_ext_17 
2 alleles
1.7% missing data
   1   (0.558) 0.796 0.587 0.970 0.552 0.426 
   2   (0.442) 0.204 0.413 0.030 0.448 0.574 

Locus 62 : ada_ext_9 
2 alleles
0.2% missing data
   2   (0.054) 0.260 0.007 0.380 0.052 0.002 
   4   (0.946) 0.740 0.993 0.620 0.948 0.998 

Locus 63 : Ada_NS_4 
2 alleles
0.0% missing data
   2   (0.756) 0.820 0.643 0.848 0.760 0.859 
   1   (0.244) 0.180 0.357 0.152 0.240 0.141 

Locus 64 : ada_tra_3 
2 alleles
0.0% missing data
   4   (0.934) 0.995 0.977 0.970 0.937 0.745 
   2   (0.066) 0.005 0.023 0.030 0.063 0.255 

Locus 65 : ada_WM_5 
2 alleles
0.2% missing data
   3   (0.648) 0.977 0.549 0.820 0.649 0.502 
   1   (0.352) 0.023 0.451 0.180 0.351 0.498 

Locus 66 : brew_ext_15 
2 alleles
0.5% missing data
   4   (0.370) 0.500 0.219 0.654 0.368 0.755 
   2   (0.630) 0.500 0.781 0.346 0.632 0.245 

Locus 67 : brew_NS_4 
2 alleles
0.0% missing data
   4   (0.874) 0.979 0.843 0.878 0.879 0.697 
   2   (0.126) 0.021 0.157 0.122 0.121 0.303 

Locus 68 : brew_tra_11 
2 alleles
0.0% missing data
   2   (0.731) 0.586 0.915 0.845 0.729 0.234 
   4   (0.269) 0.414 0.085 0.155 0.271 0.766 

Locus 69 : ada_brew_15 
2 alleles
0.2% missing data
   1   (0.646) 0.069 0.833 0.713 0.646 0.377 
   3   (0.354) 0.931 0.167 0.287 0.354 0.623 

Locus 70 : ada_brew_22 
2 alleles
0.2% missing data
   3   (0.340) 0.629 0.412 0.396 0.335 0.426 
   2   (0.660) 0.371 0.588 0.604 0.665 0.574 

Locus 71 : ada_ext_1 
2 alleles
0.2% missing data
   2   (0.942) 0.991 0.941 0.319 0.946 0.998 
   4   (0.058) 0.009 0.059 0.681 0.054 0.002 

Locus 72 : ada_ext_2 
2 alleles
0.2% missing data
   4   (0.177) 0.377 0.263 0.491 0.171 0.033 
   1   (0.823) 0.623 0.737 0.509 0.829 0.967 

Locus 73 : Ada_NS_5 
2 alleles
0.2% missing data
   1   (0.663) 0.431 0.720 0.918 0.661 0.675 
   3   (0.337) 0.569 0.280 0.082 0.339 0.325 

Locus 74 : ada_tra_4 
2 alleles
0.0% missing data
   4   (0.917) 0.994 0.989 0.998 0.914 0.612 
   2   (0.083) 0.006 0.011 0.002 0.086 0.388 

Locus 75 : ada_WM_6 
2 alleles
0.0% missing data
   3   (0.922) 0.280 0.943 0.993 0.925 0.990 
   1   (0.078) 0.720 0.057 0.007 0.075 0.010 

Locus 76 : brew_ext_16 
2 alleles
0.2% missing data
   4   (0.915) 0.992 0.918 0.726 0.919 0.915 
   3   (0.085) 0.008 0.082 0.274 0.081 0.085 

Locus 77 : brew_Kern_1 
2 alleles
0.0% missing data
   4   (0.120) 0.212 0.061 0.259 0.116 0.044 
   2   (0.880) 0.788 0.939 0.741 0.884 0.956 

Locus 78 : brew_NS_5 
2 alleles
0.0% missing data
   3   (0.752) 0.318 0.884 0.858 0.752 0.573 
   1   (0.248) 0.682 0.116 0.142 0.248 0.427 

Locus 79 : brew_tra_12 
2 alleles
0.2% missing data
   1   (0.521) 0.950 0.597 0.576 0.520 0.058 
   3   (0.479) 0.050 0.403 0.424 0.480 0.942 

Locus 80 : ada_brew_16 
2 alleles
0.0% missing data
   1   (0.849) 0.825 0.563 0.986 0.854 0.896 
   3   (0.151) 0.175 0.437 0.014 0.146 0.104 

Locus 81 : ada_brew_3 
2 alleles
0.0% missing data
   3   (0.793) 0.879 0.654 0.739 0.798 0.962 
   1   (0.207) 0.121 0.346 0.261 0.202 0.038 

Locus 82 : ada_ext_10 
2 alleles
0.0% missing data
   3   (0.353) 0.654 0.419 0.685 0.345 0.622 
   1   (0.647) 0.346 0.581 0.315 0.655 0.378 

Locus 83 : ada_ext_3 
2 alleles
0.0% missing data
   1   (0.655) 0.888 0.901 0.860 0.645 0.691 
   3   (0.345) 0.112 0.099 0.140 0.355 0.309 

Locus 84 : ada_Kern_2 
2 alleles
0.5% missing data
   4   (0.728) 0.984 0.683 0.348 0.731 0.821 
   2   (0.272) 0.016 0.317 0.652 0.269 0.179 

Locus 85 : Ada_NS_6 
2 alleles
0.0% missing data
   1   (0.962) 0.998 0.914 0.999 0.965 0.988 
   3   (0.038) 0.002 0.086 0.001 0.035 0.012 

Locus 86 : ada_tra_5 
2 alleles
0.2% missing data
   2   (0.562) 0.642 0.582 0.697 0.560 0.669 
   1   (0.438) 0.358 0.418 0.303 0.440 0.331 

Locus 87 : brew_ext_2 
2 alleles
1.0% missing data
   2   (0.658) 0.496 0.578 0.916 0.656 0.929 
   4   (0.342) 0.504 0.422 0.084 0.344 0.071 

Locus 88 : brew_Kern_2 
2 alleles
0.0% missing data
   4   (0.299) 0.615 0.313 0.491 0.294 0.347 
